0 0.439082 0.441917 0.034648 0.035278
0 0.779273 0.543035 0.044672 0.039958
0 0.733719 0.622924 0.068687 0.071403
0 0.206875 0.485458 0.036719 0.054806
0 0.744297 0.559569 0.058125 0.054778
0 0.453355 0.959910 0.117648 0.080181
0 0.429590 0.501056 0.045602 0.047139
0 0.369055 0.510687 0.050156 0.056125
0 0.223898 0.425153 0.036328 0.026028
0 0.220375 0.401049 0.025438 0.024958
0 0.347699 0.430722 0.035070 0.029972
0 0.509184 0.443431 0.114023 0.127000
0 0.359000 0.418750 0.024234 0.023389
0 0.866848 0.720812 0.096039 0.097514
0 0.620637 0.550562 0.052273 0.055542
0 0.267316 0.539250 0.040164 0.069194
0 0.502387 0.554028 0.049195 0.056472
0 0.240484 0.466326 0.041906 0.049708
0 0.659371 0.514181 0.059820 0.047861
0 0.396125 0.691528 0.059344 0.093444
0 0.289469 0.501903 0.037484 0.041806
0 0.560852 0.510090 0.048672 0.048569
