0 0.617043 0.503986 0.052820 0.050028
0 0.433887 0.948458 0.124633 0.103083
0 0.234992 0.936458 0.090359 0.127083
0 0.970367 0.718736 0.059266 0.097861
0 0.633250 0.477535 0.049891 0.038597
0 0.622531 0.456347 0.047063 0.035417
0 0.264121 0.547556 0.042680 0.060361
0 0.386191 0.484042 0.048180 0.047139
0 0.324223 0.421556 0.030289 0.029611
0 0.305160 0.403840 0.030539 0.027542
0 0.272098 0.408639 0.030195 0.025361
0 0.200270 0.395069 0.026023 0.022361
0 0.211523 0.392917 0.018359 0.018611
0 0.461402 0.471028 0.037961 0.035333
0 0.391316 0.429306 0.031695 0.027222
0 0.484727 0.459875 0.032641 0.038722
0 0.825617 0.553174 0.072453 0.071042
0 0.765852 0.602361 0.068687 0.075500
0 0.559059 0.775174 0.082117 0.124764
0 0.835090 0.689382 0.090305 0.084542
0 0.555629 0.460847 0.035242 0.038972
0 0.282715 0.652715 0.056102 0.099875
0 0.323359 0.515882 0.047531 0.090819
0 0.502848 0.649896 0.069930 0.107847
0 0.245195 0.468882 0.037844 0.045958
0 0.352063 0.438153 0.024984 0.019639
