0 0.215020 0.399104 0.017805 0.022819
0 0.245043 0.434924 0.039039 0.027097
0 0.255086 0.457243 0.031594 0.030264
0 0.365437 0.437187 0.038781 0.033625
0 0.382801 0.423125 0.021695 0.024417
0 0.432809 0.424271 0.033883 0.030792
0 0.298934 0.523333 0.123211 0.097694
0 0.516156 0.438021 0.048172 0.047014
0 0.835121 0.552597 0.082789 0.076694
0 0.970629 0.711479 0.058742 0.099542
0 0.342871 0.543014 0.040086 0.067778
0 0.279227 0.579271 0.102594 0.212708
0 0.353422 0.465382 0.048797 0.066292
0 0.175145 0.391792 0.021367 0.020250
0 0.440617 0.581764 0.052109 0.067083
0 0.447813 0.457743 0.046500 0.048264
0 0.626020 0.499549 0.052102 0.053181
0 0.491508 0.462472 0.038531 0.040222
0 0.532348 0.674667 0.070008 0.105194
0 0.499820 0.556868 0.065250 0.073042
0 0.839027 0.618604 0.091758 0.080875
0 0.595125 0.528715 0.048922 0.060597
0 0.722699 0.548438 0.064523 0.070153
0 0.287406 0.403660 0.025984 0.025597
0 0.327020 0.417840 0.028414 0.026764
0 0.200746 0.398785 0.022633 0.019597
