0 0.585977 0.523118 0.048047 0.045514
0 0.480605 0.437181 0.038164 0.032417
0 0.266340 0.484208 0.044461 0.055528
0 0.259742 0.551583 0.046688 0.057333
0 0.249145 0.398917 0.027727 0.025889
0 0.212250 0.400653 0.027297 0.038833
0 0.185121 0.389083 0.019195 0.023639
0 0.173223 0.393444 0.018352 0.025389
0 0.850078 0.562396 0.061766 0.079153
0 0.306184 0.413299 0.020102 0.019597
0 0.613719 0.476444 0.036594 0.034639
0 0.575605 0.480167 0.052039 0.051056
0 0.386320 0.626479 0.060344 0.094069
0 0.454719 0.519375 0.048578 0.061306
0 0.432309 0.939083 0.137883 0.121833
0 0.817945 0.928882 0.151938 0.142236
0 0.774031 0.423861 0.047953 0.046444
0 0.409051 0.436944 0.032883 0.036611
0 0.374953 0.440847 0.035641 0.035139
0 0.347840 0.490035 0.045977 0.059375
0 0.785410 0.561993 0.099039 0.095264
0 0.528711 0.726479 0.068359 0.103097
0 0.718422 0.604090 0.064609 0.080347
0 0.482926 0.467229 0.041492 0.038903
0 0.273742 0.599514 0.042203 0.074583
0 0.455094 0.589271 0.059563 0.075764
