0 0.516281 0.432326 0.045859 0.032986
0 0.338211 0.525931 0.062266 0.090028
0 0.205137 0.473785 0.026133 0.029681
0 0.438078 0.582187 0.048578 0.062819
0 0.623305 0.679708 0.078016 0.101861
0 0.292566 0.503799 0.040148 0.049764
0 0.552844 0.472118 0.052297 0.055625
0 0.262273 0.898542 0.121719 0.191667
0 0.778332 0.642958 0.087617 0.117111
0 0.842543 0.615944 0.072773 0.069472
0 0.616543 0.497646 0.051570 0.059653
0 0.285625 0.625569 0.053938 0.103528
0 0.736105 0.518403 0.052773 0.050639
0 0.700043 0.537701 0.057023 0.058625
0 0.476270 0.632667 0.059898 0.081889
0 0.464586 0.452840 0.034172 0.034653
0 0.407199 0.446465 0.030430 0.035764
0 0.372441 0.440569 0.031211 0.027750
0 0.345281 0.420222 0.020047 0.025056
0 0.324023 0.442389 0.043875 0.049694
0 0.273645 0.437660 0.029648 0.026764
0 0.276988 0.462715 0.036742 0.030097
0 0.232762 0.470764 0.033820 0.034833
0 0.237305 0.443514 0.037109 0.026611
0 0.301469 0.403049 0.022625 0.022736
0 0.267547 0.414410 0.018109 0.019403
0 0.256477 0.399861 0.024656 0.024111
0 0.227895 0.410229 0.020273 0.023792
0 0.174555 0.381653 0.065156 0.078722
0 0.990824 0.642319 0.018023 0.057972
0 0.661602 0.466514 0.049062 0.037833
0 0.544324 0.581597 0.058961 0.079056
0 0.386168 0.483813 0.039898 0.038486
0 0.379312 0.513479 0.043141 0.055486
0 0.463023 0.521194 0.056766 0.061611
