0 0.768801 0.568944 0.067367 0.067306
0 0.594215 0.462521 0.036242 0.049208
0 0.191711 0.399618 0.019047 0.015903
0 0.239324 0.408597 0.023320 0.022806
0 0.266766 0.409972 0.025922 0.021028
0 0.309094 0.469021 0.043672 0.039653
0 0.277875 0.489000 0.046125 0.040361
0 0.237855 0.532153 0.039945 0.047361
0 0.428105 0.435597 0.042289 0.039333
0 0.398508 0.446181 0.036000 0.026639
0 0.379098 0.617951 0.058648 0.098069
0 0.478250 0.613569 0.069391 0.097556
0 0.553758 0.467021 0.059984 0.052653
0 0.965617 0.707667 0.064375 0.065278
0 0.762918 0.409319 0.037430 0.050444
0 0.326355 0.416861 0.034852 0.035861
0 0.462691 0.949444 0.114289 0.095083
0 0.497332 0.481389 0.042758 0.038750
0 0.686523 0.742688 0.090188 0.116347
0 0.271941 0.832722 0.080508 0.161889
0 0.275813 0.707993 0.062688 0.101264
0 0.608117 0.889674 0.110719 0.182292
0 0.814422 0.519597 0.059906 0.057917
0 0.772852 0.652861 0.078312 0.090583
0 0.635223 0.557438 0.058961 0.051931
