0 0.600676 0.643021 0.072664 0.091792
0 0.563203 0.490778 0.045484 0.044028
0 0.569156 0.453528 0.046438 0.044028
0 0.347109 0.491667 0.044641 0.049972
0 0.296105 0.467000 0.044820 0.047806
0 0.874926 0.697778 0.079148 0.081972
0 0.507133 0.464465 0.040359 0.037986
0 0.423809 0.421687 0.037070 0.034153
0 0.382117 0.624201 0.050766 0.077236
0 0.342039 0.411722 0.029766 0.019583
0 0.253250 0.406514 0.030188 0.029000
0 0.663328 0.518417 0.052344 0.051222
0 0.334453 0.428278 0.032187 0.024611
0 0.235750 0.397479 0.026438 0.022431
0 0.190027 0.394958 0.023570 0.025028
0 0.830715 0.612056 0.071617 0.062139
0 0.985582 0.636264 0.028383 0.087583
0 0.639145 0.561507 0.038602 0.050625
0 0.273965 0.839493 0.085648 0.135764
0 0.307414 0.529340 0.047016 0.072653
0 0.853082 0.942514 0.107055 0.108250
0 0.239656 0.521167 0.040266 0.063167
0 0.434164 0.898090 0.103703 0.199542
