0 0.748547 0.577972 0.070609 0.064361
0 0.544289 0.733528 0.073797 0.110306
0 0.737738 0.492535 0.051555 0.051847
0 0.292254 0.506646 0.039008 0.062097
0 0.328020 0.541375 0.038570 0.062972
0 0.399324 0.415340 0.040258 0.027931
0 0.373789 0.476611 0.040797 0.034361
0 0.260875 0.486486 0.035750 0.036861
0 0.261117 0.452535 0.034297 0.039514
0 0.293238 0.778486 0.072430 0.150000
0 0.291555 0.437500 0.038172 0.038639
0 0.252836 0.401340 0.019484 0.021181
0 0.264918 0.413833 0.022758 0.020556
0 0.271141 0.396674 0.021125 0.027292
0 0.213051 0.404389 0.023273 0.021500
0 0.194828 0.388826 0.024359 0.022458
0 0.432730 0.505271 0.050055 0.062653
0 0.388328 0.635285 0.076312 0.187986
0 0.434730 0.569181 0.026195 0.060361
0 0.739879 0.796417 0.127961 0.173667
0 0.333816 0.486021 0.042555 0.046042
0 0.322051 0.417250 0.041477 0.034167
0 0.913605 0.577306 0.082945 0.086500
0 0.251699 0.551090 0.041086 0.049458
0 0.508844 0.566375 0.054641 0.063167
0 0.897281 0.460250 0.070922 0.064389
0 0.301063 0.596229 0.042797 0.074347
