0 0.628617 0.510549 0.052250 0.047597
0 0.257500 0.480785 0.039453 0.041319
0 0.334457 0.479958 0.045852 0.044083
0 0.380617 0.474132 0.040547 0.044625
0 0.375141 0.520479 0.044906 0.047125
0 0.531402 0.585361 0.058742 0.063250
0 0.238262 0.922042 0.126977 0.155917
0 0.665203 0.968097 0.104375 0.063806
0 0.971996 0.830590 0.056008 0.110236
0 0.405430 0.425424 0.034563 0.050014
0 0.368098 0.592806 0.044117 0.066444
0 0.427016 0.433340 0.024469 0.028347
0 0.400840 0.677993 0.060664 0.113764
0 0.648984 0.565028 0.058438 0.055056
0 0.703949 0.505708 0.056852 0.056694
0 0.597602 0.826569 0.094047 0.139778
0 0.498109 0.628722 0.066484 0.102194
0 0.766156 0.642278 0.077375 0.085111
0 0.920125 0.651618 0.100234 0.102764
0 0.250012 0.446271 0.036961 0.031042
0 0.467348 0.438743 0.040352 0.050375
0 0.308668 0.521285 0.039961 0.057486
0 0.544996 0.502125 0.044727 0.050056
0 0.657918 0.699174 0.088586 0.113542
0 0.443539 0.502944 0.049437 0.066778
0 0.824797 0.925014 0.050750 0.122083
0 0.534691 0.451090 0.030133 0.032069
0 0.548770 0.463437 0.037711 0.034958
0 0.345504 0.412236 0.036320 0.047556
0 0.296750 0.413597 0.031000 0.028806
0 0.262910 0.413806 0.025758 0.023833
0 0.238906 0.403958 0.019219 0.017417
0 0.217887 0.405514 0.020977 0.018861
0 0.189520 0.393299 0.017836 0.014736
0 0.173391 0.396507 0.017250 0.024042
